19968
19969
19971
19977
19979
19976
19978
19985
19984
19981
19993
19990
19989
19988
19992
19998
19999
20006
20011
20013
20018
20024
20961
20025
20027
20035
20037
20040
20043
23609
20045
20047
20046
20050
20051
20054
20056
20057
20061
20063
20062
20073
20083
20094
20098
20102
20104
20107
20108
20110
20113
20117
20114
20116
20121
20123
20126
20127
20129
20132
20134
20133
20136
20139
20140
20141
20142
20154
20161
20160
20163
20166
20167
20173
20170
20171
20164
20197
20184
20180
20181
20182
20183
20195
20196
20185
20190
20223
20233
20249
20234
20245
20237
20240
20241
20239
20210
20214
20219
20208
20211
20221
20225
20301
20303
20295
20311
20318
20276
20315
20309
20272
20304
20305
20285
20282
20280
20291
20308
20284
20294
20323
20316
20320
20271
20302
20278
20313
20317
20335
20381
20365
20339
20351
20332
20379
20363
20358
20355
20336
20341
20360
20329
20347
20374
20350
20367
20449
20405
20399
20415
20448
20433
20431
20445
20419
20406
20440
20447
20426
20439
20398
20432
20420
20418
20442
20430
20446
20492
20493
20515
20463
20518
20517
20472
20521
20502
20486
20540
20511
20506
20498
20497
20474
20480
20500
20520
20465
20513
20491
20505
20504
20467
20462
20525
20522
20478
20523
20489
20602
20605
20572
20551
20547
20556
20570
20553
20581
20598
20558
20565
20597
20596
20599
20559
20495
20642
20621
20613
20633
20625
20608
20630
20632
20653
20661
20658
20659
20677
20670
20652
20663
20667
20655
20711
20718
20709
20694
20717
20698
20693
20687
20689
20721
20740
20736
20731
20725
20729
20738
20744
20745
20754
20760
20756
20752
20778
20767
20769
20786
20791
20796
20800
20803
20801
20805
20804
20809
20807
20806
20808
20812
20811
20821
20813
20820
20818
20823
20828
20834
20837
20839
20840
20841
20843
20845
20846
20844
20849
20853
20855
20854
20856
20860
20864
20873
20874
20877
20882
20881
20885
26368
20887
20896
20900
20901
20898
20908
20912
20918
20919
20925
20941
20940
20934
20939
20956
20957
20960
20976
20977
20979
20982
20985
20986
20984
20989
20992
20993
20995
20998
20999
21000
21002
21015
21009
21010
21006
21029
21028
21033
21034
21032
21051
21048
21047
21050
21040
21038
21046
21057
21070
21059
21066
21069
21068
21067
21063
21078
21084
21076
21083
21085
21098
21103
21106
21108
21109
21097
21119
21111
21117
21123
21127
21128
21129
21133
21137
21147
21152
21151
21155
21163
21161
21162
21164
21182
21191
21193
21187
21185
21202
21209
21208
21205
21214
21213
21211
21215
21222
21220
21218
21237
21240
21243
21246
21247
21253
21254
21256
21261
21264
21263
21269
21270
21271
21273
21277
21281
21280
21283
21290
21295
21297
21305
21311
21312
21310
21313
21315
21320
21319
21317
20191
21322
21321
21330
21332
21331
21329
21335
21338
21340
21342
21345
21344
21350
21359
21358
21360
21361
21363
21365
21367
21368
21369
21371
21375
21380
21402
21407
21405
21413
21421
21426
21435
21443
21448
21449
21451
21450
21453
21462
21460
21463
21467
21471
26364
21474
21475
21487
21476
21491
21484
21486
21481
21480
21500
21496
21493
21483
21478
21482
21490
21489
21488
21477
21485
21513
21519
21516
21514
21520
21505
21515
21508
21521
21517
21512
21507
21518
21510
21522
21533
21549
21534
21566
21542
21582
21543
21574
21571
21555
21576
21570
21531
21545
21578
21561
21563
21560
21550
21557
21558
21536
21564
21568
21553
21547
21535
21619
21621
21654
21624
21653
21632
21627
21623
21636
21650
21638
21628
21648
21617
21622
21644
21658
21602
21608
21643
21629
21646
21676
21696
21672
21710
21705
21688
21670
21683
21703
21698
21693
21674
21697
21700
21704
21679
21675
21681
21691
21736
21776
21761
21815
21756
21733
21746
21766
21754
21780
21737
21741
21729
21769
21742
21738
21734
21799
21830
21866
21862
21828
21854
21857
21827
21834
21809
21846
21839
21845
21807
21860
21816
21806
21852
21804
21859
21811
21883
21888
21927
21884
21898
21917
21912
21890
21916
21930
21908
21895
21899
21891
21939
21934
21919
21822
21938
21914
21947
21932
21937
21886
21897
21983
21992
21971
21990
21966
21980
21959
21969
21987
21988
21999
21978
21985
21957
21958
21989
22014
22016
22043
22039
22013
22036
22022
22025
22029
22030
22007
22038
22047
22024
22062
22075
22073
22066
22079
22057
22099
22094
22103
22132
22070
22063
22064
22105
22123
22137
22121
22116
22136
22068
22122
22120
22117
22129
22127
22124
22114
22158
22144
22160
22149
22151
22159
22165
22190
22181
22184
22199
22198
22196
22204
22209
22208
22210
22216
22218
22217
22220
22225
22235
22234
22240
22238
22250
22256
22244
22266
22275
22280
22283
22285
22290
22291
22296
22294
22303
22323
22320
22312
22317
22316
22319
22346
22353
22336
22349
22343
22350
22334
22352
22351
22403
22391
22378
22377
22369
22374
22372
22396
22402
22411
22432
22435
22434
22478
22446
22466
22484
22475
22467
22495
22533
22538
22534
22496
22500
22522
22530
22581
22519
22521
22575
22570
22580
22564
22576
22577
22561
22622
22609
22616
22615
22618
22612
22635
22604
22637
22602
22626
22645
22654
22659
22675
22666
22649
22661
22656
22687
22686
22707
22684
22702
22721
22718
22727
22725
22741
22739
22737
22745
22744
22750
22751
22754
22756
22761
22763
22764
22767
22777
22778
22781
22799
22804
22805
22806
22809
22810
22812
22816
22821
22818
22820
22823
22825
22827
22826
22829
22830
22833
22839
22840
22846
22857
22855
22856
22852
22868
22869
22865
22863
22862
22864
22871
22872
22874
22882
22880
22887
22890
22889
22894
22899
22900
22902
22916
22904
22915
22909
22905
22914
22913
22941
22930
22952
22942
22947
22937
22934
22925
22948
22931
22922
22949
22974
22971
22996
22969
22958
22993
22982
22992
22989
22987
22995
22986
22959
22963
22994
23004
23000
23039
23011
23016
23043
23013
23018
23002
23014
23041
23035
23057
23064
23068
23071
23067
23059
23020
23072
23075
23081
23077
23052
23094
23105
23113
23142
23146
23104
23100
23138
23130
23110
23114
23159
23194
23167
23186
23195
23233
23241
23244
23230
23229
23228
23219
23234
23218
23265
23270
23273
23255
23254
23256
23267
23305
23291
23307
23285
23308
23325
23348
23344
23338
23332
23352
23360
23376
23377
23379
23380
23381
23383
23384
23389
23388
23386
23391
23396
23395
23401
23403
23408
23411
23409
23413
23416
23418
23421
23423
23427
23431
23432
23429
23433
23436
23435
23439
23447
23450
23448
23452
23449
23451
23459
23462
23460
23458
23461
23472
23475
23478
23476
23470
23477
23481
23480
23495
23493
23492
23490
23487
23494
23506
23500
23507
23504
23518
23527
23521
23525
23526
23528
23522
23524
23519
23534
23532
23529
23531
23541
23542
23544
23546
23553
23556
23561
23560
23559
23562
23563
23565
23566
23567
23569
23574
23578
23588
23596
23601
23607
23608
23610
23612
23616
23617
23615
23614
23624
23621
23622
23630
23631
23629
23627
23633
23637
23632
23648
23644
23650
23652
23653
23660
23663
23665
23673
23696
23697
23700
23692
23735
23713
23736
23721
23723
23729
23731
23769
23789
23805
23803
23786
23784
23792
23798
23809
23815
23814
23822
23835
23830
23842
23825
23849
23828
23833
23884
23888
23913
23940
23943
23965
23996
23994
23997
24013
24020
24018
24022
24029
24030
24034
24037
24040
24039
24038
24043
24046
24049
24050
24051
24052
24055
24061
24062
24066
24067
24070
24076
24088
24090
24086
24085
24091
24081
24093
24101
24109
24107
24120
24118
24115
24119
24133
24125
24128
24140
24155
24163
24149
24151
24148
24162
24159
24171
24178
24179
24182
24180
24184
24185
24187
24188
24189
24190
24207
24199
24202
24218
24215
24220
24213
24214
24224
24230
24235
24237
24231
24247
24248
24246
24245
24254
24266
24257
24258
24265
24264
24275
24278
24290
24282
24287
24285
24291
24288
40848
24300
24307
24311
24310
24314
24319
24321
24324
24328
24330
24335
24338
24339
24340
24341
24344
24343
24347
24351
24358
24359
24361
24365
24369
24373
24375
24380
24390
24392
24396
24398
24407
24409
24413
24420
24418
24421
24428
24425
24427
24429
24432
24433
24439
24441
24448
24449
24447
24444
24456
24453
24458
24459
24455
24460
24466
24465
24464
24471
24473
24478
24472
24481
24489
24490
24488
24492
24494
24505
24503
24501
24509
24515
24517
24537
24534
24536
24524
24535
24525
24561
24555
24541
24544
24573
24565
24575
24591
24596
24623
24629
24598
24618
24597
24609
24615
24594
24605
24608
24613
24590
24616
24653
24688
24680
24674
24646
24643
24684
24683
24682
24676
24665
24675
24677
24656
24661
24685
24681
24687
24708
24735
24730
24717
24724
24716
24709
24726
24703
24739
24713
24736
24744
24779
24756
24806
24765
24773
24763
24757
24796
24764
24792
24789
24774
24799
24760
24794
24785
24801
24754
24758
24800
24860
24867
24826
24853
24816
24827
24820
24936
24817
24846
24822
24841
24832
24858
24847
24904
24863
24819
24859
24825
24833
24840
24910
24908
24900
24909
24894
24884
24871
24903
24895
24907
24951
24930
24931
24927
24922
24920
24950
24935
24942
24925
24917
24962
24956
24944
24939
24958
24999
24976
25003
24974
25004
24986
24996
24980
25010
24977
25001
24970
25037
25014
25022
25026
25034
25032
25033
25031
25062
25059
25074
25079
25078
25077
25080
25082
25084
25086
25087
25088
25096
25098
25102
25100
25101
25104
25106
25105
25110
25109
25114
25115
25119
25121
25122
25130
25134
25136
25138
25140
25139
25142
25151
25150
25152
25153
25159
25160
25161
25163
25165
25166
25171
25172
25170
25187
25179
25176
25220
25239
25238
25216
25206
25225
25197
25226
25212
25214
25209
25203
25234
25199
25240
25198
25237
25235
25233
25215
25289
25292
25284
25279
25282
25273
25298
25307
25259
25299
25300
25291
25288
25256
25277
25276
25296
25305
25287
25293
25269
25306
25265
25304
25302
25303
25286
25260
25294
25308
25366
25353
25340
25325
25345
25326
25341
25351
25329
25335
25327
25324
25342
25332
25361
25331
25352
25343
25422
25406
25391
25429
25410
25414
25423
25417
25402
25424
25405
25386
25387
25384
25504
25511
25458
25494
25506
25509
25463
25447
25496
25514
25457
25513
25481
25475
25499
25451
25512
25476
25480
25497
25505
25516
25490
25487
25472
25467
25449
25448
25507
25484
25551
25536
25577
25545
25542
25549
25554
25571
25552
25569
25558
25581
25582
25462
25588
25578
25563
25682
25562
25619
25662
25630
25642
25645
25661
25644
25615
25628
25620
25613
25654
25622
25623
25735
25688
25684
25764
25720
25695
25722
25681
25703
25705
25711
25721
25758
25778
25736
25744
25776
25765
25747
25749
25769
25746
25774
25773
25771
25754
25772
25797
25793
25803
25787
25788
25818
25796
25799
25794
25805
25791
25810
25812
25806
25802
25816
25824
25840
25830
25836
25841
25844
25842
25854
25862
25850
25851
25856
25871
25880
25876
25881
25885
25884
25892
25891
25899
25898
25900
25903
25910
25913
25915
25918
25919
25925
25928
25949
25942
25937
25945
25943
21855
25935
25944
25950
25958
25954
25955
25964
25970
25973
25975
25976
25972
25986
25987
25991
26001
26000
26007
26009
26012
26015
26017
26020
26021
26023
26027
26028
26031
26032
26039
26041
26044
26045
26049
26053
26063
26059
26060
26062
26071
26070
26082
26085
26086
26089
26088
26092
26093
26097
26106
26132
26131
26124
26118
26114
26126
26112
26127
26149
26157
26144
26151
26159
26143
26152
26178
26185
26191
26179
26194
26188
26205
26202
26212
26216
26214
26222
26224
26228
26230
26223
26257
26234
26263
26249
26247
26248
26262
26274
26280
26286
26283
26292
26310
26313
26297
26329
26326
26336
26333
26342
26352
26354
26355
26356
26359
26360
26361
21207
26366
26367
26371
26376
26377
26381
26379
26388
26389
26391
26395
26399
26397
26406
26407
26408
26414
26412
26410
26411
26413
26429
26420
26417
26421
26463
26446
26447
26448
26449
26460
26454
26462
26441
26477
26507
26517
26481
26524
26483
26487
26503
26525
26519
26479
26480
26495
26505
26494
26512
26485
26522
26623
26579
26609
26580
26576
26604
26550
26543
26613
26601
26607
26564
26577
26548
26586
26597
26552
26575
26590
26611
26657
26680
26696
26694
26707
26681
26690
26708
26665
26803
26647
26700
26705
26685
26612
26704
26688
26684
26691
26666
26693
26643
26753
26799
26786
26771
26805
26751
26742
26801
26791
26775
26800
26755
26820
26797
26758
26757
26772
26781
26792
26783
26874
26837
26848
26840
26839
26885
26847
26869
26862
26855
26873
26834
26866
26851
26827
26829
26893
26898
26894
26825
26842
27028
26989
26970
26999
26976
26964
26997
26928
27010
26954
26984
26987
26974
26963
27001
27014
27036
27048
27029
27073
27054
27091
27083
27035
27063
27067
27051
27060
27088
27085
27053
27084
27171
27167
27112
27137
27166
27161
27133
27169
27155
27146
27123
27138
27141
27197
27192
27194
27225
27243
27224
27193
27204
27234
27233
27211
27207
27189
27231
27264
27284
27268
27298
27292
27355
27315
27308
27331
27323
27320
27330
27365
27357
27354
27347
27387
27396
27402
27414
27424
27425
27427
27442
27454
27450
27453
27463
27465
27468
27472
27481
27487
27489
27490
27491
27492
27493
27494
27495
27498
27506
27511
27512
27513
27515
27519
27523
27526
27530
27529
27544
27542
27556
27566
27567
27570
27573
27575
27578
27580
27584
27583
27589
27590
27595
27597
27599
27602
27603
27604
27607
27611
27627
27631
27645
27663
27665
27664
27667
27670
27675
27679
27683
27687
27688
27686
27684
27691
27694
27695
27699
27700
27704
27713
27712
27710
27714
27741
27735
27737
27743
27744
27728
27733
27742
27801
27777
27784
27785
27781
27803
27754
27770
27792
27760
27788
27752
27798
27794
27773
27779
27762
27774
27875
27880
27891
27825
27852
27877
27827
27837
27838
27836
27874
27819
27861
27859
27832
27844
27833
27841
27822
27863
27845
27889
27839
27835
27873
27867
27850
27849
27888
27915
27954
27946
27969
27941
27916
27953
27934
27927
27963
27965
27966
27958
27931
28010
28053
28040
28039
28006
28024
28023
27993
28051
28012
28041
28014
27994
28020
28009
28046
28092
28147
28121
28082
28129
28108
28132
28155
28154
28165
28103
28107
28079
28113
28078
28126
28153
28088
28151
28149
28101
28114
28186
28085
28122
28139
28120
28138
28145
28142
28136
28102
28100
28207
28216
28244
28193
28210
28263
28234
28192
28197
28195
28187
28251
28248
28196
28246
28270
28205
28198
28271
28212
28237
28218
28204
28227
28189
28222
28363
28297
28185
28322
28335
28371
28342
28354
28304
28317
28359
28357
28325
28312
28348
28346
28331
28369
28310
28316
28356
28372
28330
28467
28436
28414
28435
28404
28457
28478
28448
28460
28431
28418
28450
28415
28399
28422
28465
28472
28466
28451
28437
28459
28463
28552
28458
28396
28417
28402
28364
28479
28540
28548
28497
28518
28500
28550
28525
28507
28536
28526
28558
28538
28528
28516
28567
28504
28610
28593
28577
28611
28580
28609
28583
28595
28608
28601
28632
28657
28639
28640
28635
28644
28651
28655
28544
28652
28641
28681
28683
28670
28678
28666
28689
28687
28699
28703
28712
28698
28701
28693
28734
28720
28748
28753
28760
28771
28772
28779
28784
28790
28796
28797
28792
28821
28814
28818
28810
28825
28843
28858
28851
28844
28847
28845
28856
28846
28874
28888
28900
28889
28872
28879
28921
28937
28938
28925
28953
28954
28966
28976
28961
28982
29038
29006
29017
29033
29028
29001
29031
29020
29036
29030
29004
29029
29022
29076
29081
29053
29066
29060
29087
29100
29105
29096
29118
29129
29136
29138
29128
29141
29113
29134
29145
29148
29123
29124
29159
29151
29166
29158
29157
29165
29164
29172
29179
29190
29197
29200
29211
29224
29226
29228
29229
29232
29237
29238
29240
29241
29242
29243
29245
29246
29254
29255
29256
29260
29266
29270
29272
29273
29275
29279
29277
29282
29281
29280
29287
29289
29298
29295
29300
29305
29309
29313
29316
29312
29330
29334
29339
29346
29351
29356
29359
29380
29378
29376
29390
29401
29399
29392
29417
29408
29409
29436
29433
29437
29432
29431
29468
29467
29462
29459
29465
29494
29477
29492
29481
29495
29509
29503
29502
29508
29520
29518
29527
29544
29552
29554
29559
29557
29560
29562
29563
29568
29572
29575
29579
29577
29590
29609
29608
29599
29611
29623
29642
29627
29618
29645
29632
29619
29677
29705
29678
29664
29701
29706
29699
29702
29694
29709
29754
29738
29747
29730
29733
29749
29750
29748
29807
29786
29781
29791
29790
29761
29759
29785
29787
29788
29796
29795
29802
29808
29801
29835
29827
29852
29859
29865
29872
29862
29863
29885
29898
29903
29916
29920
29922
29923
29926
29942
29943
29956
29964
29973
29976
29978
29980
29983
29986
29989
29990
29992
29993
29996
29995
29997
30000
30001
30002
30003
30007
30008
30013
30031
30028
30036
30045
30044
30042
30041
30053
30054
30050
30064
30059
30058
30070
30072
30087
30086
30090
30091
30095
30097
30109
30105
30106
30123
30116
30117
30142
30149
30151
30130
30131
30141
30140
30137
30154
30164
30165
30133
30178
30171
30179
30169
30168
30174
30208
30192
30209
30194
30193
30202
30207
30196
30247
30221
30219
30217
30227
30240
30249
30239
30244
30246
30241
30260
30264
30278
30274
30284
30294
30296
30290
30306
30309
30313
30318
30316
30321
30322
30328
30331
30332
30333
30334
30338
30340
30342
30343
30344
30350
30358
30355
30362
30382
30384
30388
30394
30399
30402
30408
30406
30403
30410
30413
30414
30420
30418
30427
30428
30430
30431
30433
30435
30436
30439
30437
30442
30446
30447
30450
30452
30465
30457
30456
30473
30475
30462
30460
30505
30495
30496
30504
30519
30526
30524
30518
30520
30522
30543
30555
30571
30566
30558
30563
30585
30570
30572
30556
30565
30568
30596
30589
30591
30561
30606
30599
30604
30609
30624
30622
30623
30629
30643
30634
30640
30636
30631
30637
30653
30655
30651
30663
30675
30679
30682
30683
30684
30690
30691
30693
30697
30701
30702
30703
30707
30717
30722
30740
30732
30733
30768
30759
30776
30749
30772
30775
30757
30765
30827
30787
30813
30828
30831
30862
30896
30871
30872
30860
30857
30844
30865
30913
30879
30887
30899
30889
30923
30917
30906
30922
30910
30933
30908
30928
30952
30938
30956
30967
30970
30964
30959
30977
30990
31001
31014
31018
31020
31019
31034
31038
31040
31041
31046
31049
31048
31047
31061
31056
31072
31071
31062
31070
31069
31063
31066
31077
31080
31085
31098
31103
31105
31118
31119
31117
31142
31143
31146
31150
31153
31161
33836
31165
31166
31169
31168
31167
31177
31185
31186
31179
31204
31203
31207
31199
31206
31209
31227
31245
31240
31243
31237
31232
31260
31258
31264
31252
31263
31278
31281
31295
31292
31296
31293
31287
31291
31309
31310
31302
31308
31319
31329
31330
31339
31337
31348
31350
31354
31353
31359
31361
31364
31368
31378
31381
31384
31383
31382
31391
31392
31402
31401
31407
31406
31418
31428
31429
31431
31434
31435
31449
31461
31459
31469
31471
31478
31481
31482
31487
31485
31494
31505
31520
31528
31515
31532
31526
31513
31518
31561
31574
31558
31568
31570
31572
31565
31563
31567
31607
31680
31584
31649
31637
31627
31605
31639
31645
31636
31631
31661
31665
31684
31668
31686
31687
31681
31705
31761
31689
31716
31707
31713
31721
31751
31757
31742
31735
31787
31783
31786
31774
31779
31777
31806
31807
31800
31805
31799
31820
31811
31821
31824
31840
31839
31844
31852
31854
31858
31859
31881
31890
31895
31903
31909
31921
31923
31925
31929
31933
31934
31946
31957
31958
31968
31964
31966
31970
31967
31961
31975
31983
31992
31995
31998
32002
32005
32000
32009
32007
32004
32033
32023
32011
32010
32032
32034
32020
32016
32021
32026
32028
32013
32025
32027
32070
32067
32113
32046
32057
32060
32064
32048
32051
32068
32047
32066
32094
32080
32104
32085
32043
32110
32114
32097
32102
32098
32147
32121
32145
32129
32143
32187
32176
32156
32189
32190
32160
32202
32180
32178
32177
32186
32162
32191
32181
32184
32173
32210
32199
32224
32244
32239
32251
32216
32236
32221
32232
32227
32218
32222
32233
32158
32266
32273
32264
32283
32291
32302
32318
32326
32311
32306
32323
32299
32317
32305
32325
32321
32340
32341
32350
32346
32353
32363
32365
32377
32361
32362
36782
32381
32380
32386
32399
32396
32403
32406
32412
32566
32568
32570
32573
32580
32584
32592
32597
32596
32607
32622
32617
32618
32626
32624
32629
32631
32633
32645
32648
32650
32652
32651
32654
32660
32670
32666
21892
32681
32680
32676
32687
32690
32694
32697
32696
32701
32703
32709
32705
32716
32718
32722
32724
32725
32736
32737
32735
32745
32752
32753
32755
32764
32761
32763
32768
32769
32771
32773
32774
32780
32784
32781
32786
32792
32789
32793
32791
32796
32819
32822
32829
32831
32842
32838
32854
32856
32862
32858
32881
32882
32880
32879
32883
32887
32886
32894
32893
32895
32902
32900
32901
32903
32905
32907
32908
32918
32915
32925
32920
32923
32922
32946
32954
32933
32930
32945
32929
32939
32937
32948
32938
32943
32982
32997
32986
32963
32964
32972
32993
32987
32974
32990
32996
33009
33026
33008
33029
33005
33012
33030
33016
33011
33032
33021
33034
33071
33046
33059
33067
33065
33109
33108
33099
33105
33102
33081
33094
33086
33104
33137
33136
33144
33125
33134
33139
33131
33145
33146
33126
33152
33167
33160
33162
33151
33179
33180
33181
33184
33178
33203
33193
33192
33222
33219
33210
33218
33216
33215
33213
33225
33214
33229
33231
33240
33242
33247
33251
33253
33255
33256
33258
33261
33260
33267
33268
33274
33275
33276
33278
33280
33282
33285
33287
33288
33289
33290
33292
33293
33296
33298
33300
33307
33308
33310
33311
33314
33322
33323
33320
33324
33333
33335
33334
33337
33351
33368
33369
33382
33390
33391
33393
33394
33406
33426
33419
33421
33459
33437
33433
33453
33469
33439
33465
33457
33452
33445
33467
33511
33539
33541
33507
33499
33510
33540
33509
33538
33545
33490
33495
33521
33537
33500
33492
33489
33502
33491
33503
33579
33618
33620
33610
33592
33616
33609
33589
33588
33615
33586
33593
33590
33559
33600
33585
33678
33694
33688
33656
33698
33686
33725
33707
33682
33674
33683
33673
33696
33655
33659
33660
33769
33795
33784
33805
33760
33733
33803
33729
33775
33777
33780
33879
33802
33776
33804
33740
33789
33778
33738
33848
33806
33796
33756
33922
33911
33853
33841
33909
33894
33899
33865
33900
33883
33852
33845
33889
33891
33897
33993
33983
33990
33988
33945
33950
33970
33948
33995
33976
33984
34003
33936
33980
34071
34109
34074
34030
34092
34093
34067
34065
34083
34081
34068
34028
34085
34047
34122
34137
34120
34152
34153
34115
34121
34157
34154
34218
34180
34174
34204
34193
34196
34223
34203
34183
34255
34217
34253
34256
34249
34224
34281
34269
34282
34261
34276
34277
34299
34297
34321
34298
34310
34315
34311
34314
34327
34349
34330
34360
34367
34382
34384
34388
34389
24426
34395
34396
34398
34399
34407
34411
34417
34425
34442
34474
34451
34468
34473
34444
34467
34503
34496
34486
34500
34485
34502
34507
34481
34479
34527
34521
34541
34516
34523
34532
34553
34579
34568
34567
34560
34558
34555
34562
34563
34623
34588
34619
34594
34597
34612
34584
34645
34690
34676
34678
34656
34662
34680
34664
34649
34647
34636
34691
34719
34718
34722
34701
34752
34769
34739
34770
34758
34731
34747
34746
34760
34763
34799
34796
34802
34811
34821
34829
34809
34836
34837
34851
34850
34849
34847
34865
34870
34873
34875
34880
34892
34893
34899
34903
34905
34907
34909
34913
34914
34915
21021
34920
34923
34928
34935
34945
34946
34974
34952
34987
34962
34966
34957
34955
35009
35010
34993
35039
35028
35033
35036
35032
35037
35041
35018
35029
35059
35074
35060
35065
35064
35069
35048
35098
35088
35079
35090
35091
35114
35122
35109
35115
35131
35126
35140
35128
35168
35167
35158
35172
35178
35186
35183
35199
35201
35203
35206
35211
35219
35215
35222
35242
35238
35244
35250
35258
35261
35264
35282
35299
35316
35320
35328
35336
35330
35331
35352
35344
35342
35340
35349
35338
35351
35347
35350
35370
35357
35363
35365
35377
35373
35359
35355
35387
35424
35413
35422
35388
35393
35412
35419
35408
35398
35380
35386
35435
35442
35443
35430
35433
35440
35463
35452
35427
35488
35441
35461
35437
35426
35438
35436
35449
35494
35468
35486
35491
35469
35489
35475
35492
35498
35493
35496
35480
35473
35516
35538
35527
35524
35477
35531
35576
35506
35529
35522
35519
35504
35542
35533
35558
35578
35563
35569
35584
35548
35559
35566
35582
35585
35586
35575
35565
35598
35607
35609
35611
35594
35616
35613
35588
35624
35641
35628
35649
35676
35672
35657
35674
35662
35663
35696
35692
35686
35695
35700
35703
35709
35712
35722
35731
35730
35734
35738
35895
35905
35903
35910
35912
35913
35916
35918
35920
35924
35925
35930
35937
35938
35946
35948
35947
35962
35961
35970
35978
35977
35981
35980
35987
35997
35998
36000
36001
36002
36009
36012
36011
36008
36010
36007
36015
36028
36019
36029
36033
36027
36032
36020
36023
36022
36031
36024
36042
36039
36040
36036
36018
36035
36034
36037
36051
36049
36050
36064
36062
36070
36068
36076
36077
36066
36067
36060
36074
36084
36090
36093
36092
36101
36104
36106
36111
36109
36115
36118
36119
36123
36196
36199
36198
36203
36205
36208
36212
36211
36215
36234
36229
36225
36249
36245
36255
36259
36264
36275
36276
36286
36302
36317
36299
36314
36305
36300
36315
36294
36321
36319
36328
36335
36339
36346
36330
36348
36395
36368
36381
36386
36367
36393
36383
36420
36401
36404
36418
36409
36405
36425
36427
36424
36426
36441
36451
36454
36452
36476
36466
36487
36470
36460
36474
36489
36481
36485
36482
36490
36493
36497
36513
36522
36523
36524
36530
36538
36544
36554
36555
36557
36556
36562
36564
36571
36575
36603
36600
36604
36611
36617
36606
36618
36628
36626
36629
36627
36637
36635
36639
36649
36646
36650
36636
36667
36655
36664
36676
36670
36674
36677
36671
36681
36685
36692
36686
36703
36705
36763
36764
36767
36771
36776
36774
36781
36783
36784
36785
36786
36802
36806
36805
36804
24033
36814
36820
36817
36848
36838
36834
36842
36837
36845
36843
36865
36870
36855
36864
36858
36852
36867
36861
36869
36889
36877
36890
36887
36899
36895
36893
36880
36885
36894
36896
36879
36898
36886
36891
36884
36910
36917
36913
36920
36914
36939
36938
36947
36930
36948
36924
36949
36944
36935
36943
36942
36941
36945
36926
36929
36960
36952
36956
36963
36953
36958
36969
36974
36968
36973
36983
36981
36980
36984
36978
36988
36986
36991
36989
36996
36993
36994
36992
36999
37002
37008
37007
37009
37013
37026
37034
37030
37027
37045
37048
37041
37066
37070
37057
37089
37096
37101
37117
37122
37109
37129
37138
37145
37168
37165
37159
37169
37177
37193
37195
37194
37202
37197
37196
37207
37219
37221
37228
37226
37225
37237
37240
37239
37255
37257
37259
37251
37266
37283
37278
37276
37291
37292
37306
37312
37313
37319
37321
37323
37324
37325
37326
37327
37328
37329
37336
37341
37335
37340
37365
37350
37347
37351
37396
37411
37397
37385
37406
37389
37392
37431
37463
37432
37437
37440
37438
37467
37451
37476
37457
37428
37496
37548
37504
37509
37528
37526
37499
37523
37532
37573
37563
37559
37610
37604
37569
37555
37564
37586
37664
37686
37624
37683
37679
37666
37628
37675
37636
37658
37648
37670
37709
37762
37672
37749
37706
37733
37707
37656
37758
37740
37723
37744
37780
37770
37782
37794
37811
37806
37857
37841
37855
37827
37832
37852
37853
37846
37858
37837
37848
37860
37847
37912
37891
37885
37934
37939
37941
37946
37944
37938
37956
37969
37970
37987
37984
38002
38000
38013
38014
38012
38015
38263
38272
38274
38275
38281
38292
38287
38283
38289
38291
38290
38296
38305
38312
38313
38307
38309
38308
38317
38321
38331
38346
38347
38348
38344
38342
38356
38358
38352
38364
38369
38370
38428
38433
38450
38446
38449
38442
38464
38463
38459
38468
38480
38475
38476
38477
38498
38499
38497
38491
38493
38500
38506
38517
38515
38520
38512
38516
38518
38519
38538
38542
38539
38525
38533
38534
38541
38514
38552
38548
38549
38553
38556
38555
38567
38568
38570
38577
38580
38584
38587
38592
38593
38597
38596
38603
38598
38599
38605
38601
38604
38613
38614
38620
38617
38619
38622
38626
38627
38632
38634
38639
38642
38647
38651
38649
38646
38656
38660
38662
38663
38665
38670
38673
38678
38669
38675
38671
38684
38686
38698
38695
38712
38713
38706
38717
38718
38722
38728
38724
38738
38742
38747
38748
38750
38752
38753
38754
38758
38760
38761
38772
38774
38780
38789
38797
38795
38799
38808
38816
38819
38822
38829
38851
38849
38854
38859
38860
38867
38876
38893
38899
31456
31455
38902
38907
38911
38913
38914
38915
38917
38918
38920
38928
38929
38931
38922
38930
38924
38935
38936
38945
38960
38968
38971
38967
38957
38969
38948
38982
38989
38991
38988
38990
38995
39006
39000
39003
39015
39019
39023
39024
39025
39080
39087
39089
39091
39094
39098
39100
39108
39131
39135
39138
39143
39146
39151
39145
39154
39149
39164
39156
39165
39166
39171
39173
39180
39177
39178
39187
39186
39192
39184
39208
39198
39195
39201
39221
39230
39231
39229
39237
39250
39249
39260
39262
39318
39321
39333
39336
39340
39342
39341
39347
39345
39348
39361
39389
39376
39391
39387
39377
39381
39378
39385
39405
39394
39409
39425
39423
39438
39446
39449
39467
39472
39479
39493
39491
39488
39486
39509
39514
39515
39511
39519
39522
39525
39530
39592
39599
39600
39607
39608
39612
39631
39634
39635
39636
39640
39654
39662
39663
39675
39661
39683
39686
39693
39706
39714
39717
39719
39720
39729
39730
39740
39745
39746
39749
39748
39759
39764
39768
39770
39799
39791
39825
39854
39851
39850
39882
39881
39933
39912
39911
39955
39949
39981
39973
40009
39985
39998
39995
40020
40023
40022
40055
40056
40165
40169
40180
40182
40179
40198
40201
40213
40227
40230
40232
40210
40219
40251
40255
40273
40285
40288
40329
40289
40306
40298
40300
40367
40372
40386
40403
40407
40421
40441
40442
40474
40478
40569
40572
40573
40575
40578
40587
40594
40599
40595
40605
40607
40613
40617
40628
40629
40635
40636
40638
40643
40653
40654
40655
40657
22696
40664
40660
40670
40668
40669
40667
40672
40680
40687
40692
40695
40711
40718
40723
40725
40729
40736
40748
40756
40763
40766
40778
40779
40786
40799
40803
40801
40796
40806
40812
40810
40823
40818
40845
40852
40860
12289
12290
65292
12300
12301
12302
12303
65311
65281
65306
65307
8230
8212
65374
65288
65289
183
65290
12288
